1.000239e-02 1.502654e-01 1.000239e-02 6.410179e+00 1.000239e-02 3.204279e+00 
1.001239e-02 7.778032e-01 1.001239e-02 6.410514e+00 1.001239e-02 3.204447e+00 
1.002239e-02 1.402271e+00 1.002239e-02 6.410179e+00 1.002239e-02 3.204280e+00 
1.003239e-02 2.021205e+00 1.003239e-02 6.410514e+00 1.003239e-02 3.204447e+00 
1.004239e-02 2.632163e+00 1.004239e-02 6.410180e+00 1.004239e-02 3.204280e+00 
1.004620e-02 2.862041e+00 1.004620e-02 6.410513e+00 1.004620e-02 3.204446e+00 
1.004862e-02 3.007737e+00 1.004862e-02 6.410181e+00 1.004862e-02 3.204281e+00 
1.005002e-02 3.091218e+00 1.005002e-02 6.410502e+00 1.005002e-02 3.204468e+00 
1.005083e-02 3.139639e+00 1.005083e-02 6.410152e+00 1.005083e-02 3.204387e+00 
1.005137e-02 3.172154e+00 1.005137e-02 6.410432e+00 1.005137e-02 3.204652e+00 
1.005194e-02 3.205832e+00 1.005194e-02 6.410028e+00 1.005194e-02 3.204615e+00 
1.005227e-02 3.225661e+00 1.005227e-02 6.410261e+00 1.005227e-02 3.204829e+00 
1.005261e-02 3.245812e+00 1.005261e-02 6.409846e+00 1.005261e-02 3.204715e+00 
1.005302e-02 3.270125e+00 1.005302e-02 6.409966e+00 1.005302e-02 3.204864e+00 
1.005354e-02 3.300659e+00 1.005354e-02 6.409317e+00 1.005354e-02 3.204610e+00 
1.005416e-02 3.337404e+00 1.005416e-02 6.408704e+00 1.005416e-02 3.204339e+00 
1.005466e-02 3.367565e+00 1.005466e-02 6.404578e+00 1.005466e-02 3.202285e+00 
1.005535e-02 3.408310e+00 1.005535e-02 6.396123e+00 1.005535e-02 3.198061e+00 
1.005601e-02 3.446953e+00 1.005601e-02 6.387345e+00 1.005601e-02 3.193672e+00 
1.005732e-02 3.524065e+00 1.005732e-02 6.370364e+00 1.005732e-02 3.185182e+00 
1.005884e-02 3.613220e+00 1.005884e-02 6.349376e+00 1.005884e-02 3.174688e+00 
1.006188e-02 3.790534e+00 1.006188e-02 6.305636e+00 1.006188e-02 3.152818e+00 
1.006795e-02 4.140955e+00 1.006795e-02 6.190356e+00 1.006795e-02 3.095178e+00 
1.007220e-02 4.382188e+00 1.007220e-02 5.603531e+00 1.007220e-02 2.801766e+00 
1.007524e-02 4.553157e+00 1.007524e-02 4.123891e+00 1.007524e-02 2.061946e+00 
1.007812e-02 4.713867e+00 1.007812e-02 2.727127e+00 1.007812e-02 1.363563e+00 
1.008086e-02 4.864702e+00 1.008086e-02 1.394445e+00 1.008086e-02 6.972225e-01 
1.008510e-02 5.095672e+00 1.008510e-02 -6.624606e-01 1.008510e-02 -3.312302e-01 
1.009358e-02 5.546605e+00 1.009358e-02 -4.794061e+00 1.009358e-02 -2.397031e+00 
1.009779e-02 5.764717e+00 1.009779e-02 -6.136993e+00 1.009779e-02 -3.068496e+00 
1.010239e-02 5.998736e+00 1.010239e-02 -6.255166e+00 1.010239e-02 -3.127583e+00 
1.010572e-02 6.164674e+00 1.010572e-02 -6.310427e+00 1.010572e-02 -3.155214e+00 
1.010947e-02 6.348585e+00 1.010947e-02 -6.364990e+00 1.010947e-02 -3.182495e+00 
1.011236e-02 6.487841e+00 1.011236e-02 -6.402753e+00 1.011236e-02 -3.201376e+00 
1.011478e-02 6.602625e+00 1.011478e-02 -6.409959e+00 1.011478e-02 -3.204979e+00 
1.011743e-02 6.727045e+00 1.011743e-02 -6.410095e+00 1.011743e-02 -3.205047e+00 
1.012025e-02 6.857098e+00 1.012025e-02 -6.410437e+00 1.012025e-02 -3.205218e+00 
1.012376e-02 7.015809e+00 1.012376e-02 -6.410225e+00 1.012376e-02 -3.205112e+00 
1.012975e-02 7.279060e+00 1.012975e-02 -6.410492e+00 1.012975e-02 -3.205246e+00 
1.013806e-02 7.626703e+00 1.013806e-02 -6.410242e+00 1.013806e-02 -3.205121e+00 
1.014806e-02 8.017774e+00 1.014806e-02 -6.410490e+00 1.014806e-02 -3.205245e+00 
1.015806e-02 8.377203e+00 1.015806e-02 -6.410246e+00 1.015806e-02 -3.205123e+00 
1.016806e-02 8.703572e+00 1.016806e-02 -6.410491e+00 1.016806e-02 -3.205245e+00 
1.017806e-02 8.995591e+00 1.017806e-02 -6.410249e+00 1.017806e-02 -3.205125e+00 
1.018806e-02 9.252109e+00 1.018806e-02 -6.410492e+00 1.018806e-02 -3.205246e+00 
1.019806e-02 9.472112e+00 1.019806e-02 -6.410252e+00 1.019806e-02 -3.205126e+00 
1.020806e-02 9.654734e+00 1.020806e-02 -6.410492e+00 1.020806e-02 -3.205246e+00 
1.021806e-02 9.799253e+00 1.021806e-02 -6.410255e+00 1.021806e-02 -3.205127e+00 
1.022806e-02 9.905099e+00 1.022806e-02 -6.410492e+00 1.022806e-02 -3.205246e+00 
1.023806e-02 9.971854e+00 1.023806e-02 -6.410257e+00 1.023806e-02 -3.205128e+00 
1.024806e-02 9.999254e+00 1.024806e-02 -6.410491e+00 1.024806e-02 -3.205245e+00 
1.025806e-02 9.987192e+00 1.025806e-02 -6.410258e+00 1.025806e-02 -3.205129e+00 
1.026806e-02 9.935715e+00 1.026806e-02 -6.410490e+00 1.026806e-02 -3.205245e+00 
1.027806e-02 9.845027e+00 1.027806e-02 -6.410259e+00 1.027806e-02 -3.205129e+00 
1.028806e-02 9.715484e+00 1.028806e-02 -6.410488e+00 1.028806e-02 -3.205244e+00 
1.029806e-02 9.547599e+00 1.029806e-02 -6.410259e+00 1.029806e-02 -3.205129e+00 
1.030806e-02 9.342034e+00 1.030806e-02 -6.410485e+00 1.030806e-02 -3.205243e+00 
1.031806e-02 9.099600e+00 1.031806e-02 -6.410259e+00 1.031806e-02 -3.205129e+00 
1.032806e-02 8.821255e+00 1.032806e-02 -6.410483e+00 1.032806e-02 -3.205241e+00 
1.033806e-02 8.508095e+00 1.033806e-02 -6.410258e+00 1.033806e-02 -3.205129e+00 
1.034806e-02 8.161359e+00 1.034806e-02 -6.410479e+00 1.034806e-02 -3.205240e+00 
1.035806e-02 7.782413e+00 1.035806e-02 -6.410256e+00 1.035806e-02 -3.205128e+00 
1.036806e-02 7.372753e+00 1.036806e-02 -6.410476e+00 1.036806e-02 -3.205238e+00 
1.037806e-02 6.933997e+00 1.037806e-02 -6.410254e+00 1.037806e-02 -3.205127e+00 
1.038806e-02 6.467875e+00 1.038806e-02 -6.410472e+00 1.038806e-02 -3.205236e+00 
1.039806e-02 5.976228e+00 1.039806e-02 -6.410252e+00 1.039806e-02 -3.205126e+00 
1.040806e-02 5.460995e+00 1.040806e-02 -6.410467e+00 1.040806e-02 -3.205233e+00 
1.041806e-02 4.924210e+00 1.041806e-02 -6.410249e+00 1.041806e-02 -3.205124e+00 
1.042806e-02 4.367991e+00 1.042806e-02 -6.410462e+00 1.042806e-02 -3.205231e+00 
1.043806e-02 3.794534e+00 1.043806e-02 -6.410246e+00 1.043806e-02 -3.205123e+00 
1.044806e-02 3.206102e+00 1.044806e-02 -6.410457e+00 1.044806e-02 -3.205229e+00 
1.045806e-02 2.605016e+00 1.045806e-02 -6.410242e+00 1.045806e-02 -3.205121e+00 
1.046806e-02 1.993650e+00 1.046806e-02 -6.410452e+00 1.046806e-02 -3.205226e+00 
1.047806e-02 1.374416e+00 1.047806e-02 -6.410239e+00 1.047806e-02 -3.205119e+00 
1.048806e-02 7.497575e-01 1.048806e-02 -6.410447e+00 1.048806e-02 -3.205223e+00 
1.049806e-02 1.221401e-01 1.049806e-02 -6.410235e+00 1.049806e-02 -3.205117e+00 
1.050806e-02 -5.059592e-01 1.050806e-02 -6.410442e+00 1.050806e-02 -3.205221e+00 
1.051806e-02 -1.132062e+00 1.051806e-02 -6.410231e+00 1.051806e-02 -3.205115e+00 
1.052806e-02 -1.753697e+00 1.052806e-02 -6.410436e+00 1.052806e-02 -3.205218e+00 
1.053806e-02 -2.368410e+00 1.053806e-02 -6.410227e+00 1.053806e-02 -3.205113e+00 
1.054806e-02 -2.973777e+00 1.054806e-02 -6.410431e+00 1.054806e-02 -3.205216e+00 
1.055087e-02 -3.142117e+00 1.055087e-02 -6.410161e+00 1.055087e-02 -3.205201e+00 
1.055217e-02 -3.219519e+00 1.055217e-02 -6.410189e+00 1.055217e-02 -3.205555e+00 
1.055289e-02 -3.262461e+00 1.055289e-02 -6.409742e+00 1.055289e-02 -3.205515e+00 
1.055324e-02 -3.282983e+00 1.055324e-02 -6.409734e+00 1.055324e-02 -3.205570e+00 
1.055367e-02 -3.308808e+00 1.055367e-02 -6.409190e+00 1.055367e-02 -3.205344e+00 
1.055421e-02 -3.340860e+00 1.055421e-02 -6.408354e+00 1.055421e-02 -3.204950e+00 
1.055469e-02 -3.368999e+00 1.055469e-02 -6.404110e+00 1.055469e-02 -3.202836e+00 
1.055529e-02 -3.404344e+00 1.055529e-02 -6.396912e+00 1.055529e-02 -3.199240e+00 
1.055608e-02 -3.451100e+00 1.055608e-02 -6.386828e+00 1.055608e-02 -3.194198e+00 
1.055717e-02 -3.515161e+00 1.055717e-02 -6.373122e+00 1.055717e-02 -3.187345e+00 
1.055904e-02 -3.625157e+00 1.055904e-02 -6.348314e+00 1.055904e-02 -3.174941e+00 
1.056279e-02 -3.843625e+00 1.056279e-02 -6.295285e+00 1.056279e-02 -3.148427e+00 
1.057029e-02 -4.274045e+00 1.057029e-02 -6.128799e+00 1.057029e-02 -3.065185e+00 
1.057466e-02 -4.520607e+00 1.057466e-02 -4.736374e+00 1.057466e-02 -2.368975e+00 
1.057656e-02 -4.626906e+00 1.057656e-02 -3.828598e+00 1.057656e-02 -1.915089e+00 
1.057839e-02 -4.728866e+00 1.057839e-02 -2.979671e+00 1.057839e-02 -1.490627e+00 
1.058052e-02 -4.846344e+00 1.058052e-02 -1.963577e+00 1.058052e-02 -9.825822e-01 
1.058408e-02 -5.040471e+00 1.058408e-02 -2.968801e-01 1.058408e-02 -1.492368e-01 
1.058919e-02 -5.315021e+00 1.058919e-02 2.138765e+00 1.058919e-02 1.068581e+00 
1.059589e-02 -5.666943e+00 1.059589e-02 5.326995e+00 1.059589e-02 2.662689e+00 
1.059832e-02 -5.792026e+00 1.059832e-02 6.099560e+00 1.059832e-02 3.048970e+00 
1.060051e-02 -5.903673e+00 1.060051e-02 6.185803e+00 1.060051e-02 3.092092e+00 
1.060253e-02 -6.005679e+00 1.060253e-02 6.232703e+00 1.060253e-02 3.115542e+00 
1.060571e-02 -6.164415e+00 1.060571e-02 6.288430e+00 1.060571e-02 3.143405e+00 
1.061208e-02 -6.474426e+00 1.061208e-02 6.379635e+00 1.061208e-02 3.189007e+00 
1.061539e-02 -6.631311e+00 1.061539e-02 6.409196e+00 1.061539e-02 3.203788e+00 
1.061904e-02 -6.801168e+00 1.061904e-02 6.410311e+00 1.061904e-02 3.204345e+00 
1.062173e-02 -6.924242e+00 1.062173e-02 6.410214e+00 1.062173e-02 3.204297e+00 
1.062469e-02 -7.057267e+00 1.062469e-02 6.410436e+00 1.062469e-02 3.204408e+00 
1.063025e-02 -7.300371e+00 1.063025e-02 6.410246e+00 1.063025e-02 3.204313e+00 
1.063867e-02 -7.651468e+00 1.063867e-02 6.410447e+00 1.063867e-02 3.204413e+00 
1.064867e-02 -8.040650e+00 1.064867e-02 6.410246e+00 1.064867e-02 3.204313e+00 
1.065867e-02 -8.398099e+00 1.065867e-02 6.410447e+00 1.065867e-02 3.204413e+00 
1.066867e-02 -8.722405e+00 1.066867e-02 6.410246e+00 1.066867e-02 3.204313e+00 
1.067867e-02 -9.012288e+00 1.067867e-02 6.410447e+00 1.067867e-02 3.204413e+00 
1.068867e-02 -9.266603e+00 1.068867e-02 6.410246e+00 1.068867e-02 3.204313e+00 
1.069867e-02 -9.484347e+00 1.069867e-02 6.410446e+00 1.069867e-02 3.204413e+00 
1.070867e-02 -9.664660e+00 1.070867e-02 6.410247e+00 1.070867e-02 3.204313e+00 
1.071867e-02 -9.806832e+00 1.071867e-02 6.410446e+00 1.071867e-02 3.204413e+00 
1.072867e-02 -9.910300e+00 1.072867e-02 6.410247e+00 1.072867e-02 3.204313e+00 
1.073867e-02 -9.974657e+00 1.073867e-02 6.410446e+00 1.073867e-02 3.204413e+00 
1.074867e-02 -9.999649e+00 1.074867e-02 6.410247e+00 1.074867e-02 3.204313e+00 
1.075867e-02 -9.985177e+00 1.075867e-02 6.410446e+00 1.075867e-02 3.204413e+00 
1.076867e-02 -9.931297e+00 1.076867e-02 6.410247e+00 1.076867e-02 3.204313e+00 
1.077867e-02 -9.838224e+00 1.077867e-02 6.410446e+00 1.077867e-02 3.204413e+00 
1.078867e-02 -9.706323e+00 1.078867e-02 6.410247e+00 1.078867e-02 3.204313e+00 
1.079867e-02 -9.536116e+00 1.079867e-02 6.410446e+00 1.079867e-02 3.204413e+00 
1.080867e-02 -9.328275e+00 1.080867e-02 6.410247e+00 1.080867e-02 3.204313e+00 
1.081867e-02 -9.083619e+00 1.081867e-02 6.410446e+00 1.081867e-02 3.204413e+00 
1.082867e-02 -8.803113e+00 1.082867e-02 6.410247e+00 1.082867e-02 3.204313e+00 
1.083867e-02 -8.487867e+00 1.083867e-02 6.410446e+00 1.083867e-02 3.204413e+00 
1.084867e-02 -8.139122e+00 1.084867e-02 6.410247e+00 1.084867e-02 3.204314e+00 
1.085867e-02 -7.758256e+00 1.085867e-02 6.410445e+00 1.085867e-02 3.204413e+00 
1.086867e-02 -7.346772e+00 1.086867e-02 6.410248e+00 1.086867e-02 3.204314e+00 
1.087867e-02 -6.906293e+00 1.087867e-02 6.410445e+00 1.087867e-02 3.204412e+00 
1.088867e-02 -6.438558e+00 1.088867e-02 6.410248e+00 1.088867e-02 3.204314e+00 
1.089867e-02 -5.945414e+00 1.089867e-02 6.410445e+00 1.089867e-02 3.204412e+00 
1.090867e-02 -5.428805e+00 1.090867e-02 6.410248e+00 1.090867e-02 3.204314e+00 
1.091867e-02 -4.890772e+00 1.091867e-02 6.410445e+00 1.091867e-02 3.204412e+00 
1.092867e-02 -4.333436e+00 1.092867e-02 6.410248e+00 1.092867e-02 3.204314e+00 
1.093867e-02 -3.758999e+00 1.093867e-02 6.410445e+00 1.093867e-02 3.204412e+00 
1.094867e-02 -3.169727e+00 1.094867e-02 6.410248e+00 1.094867e-02 3.204314e+00 
1.095867e-02 -2.567945e+00 1.095867e-02 6.410445e+00 1.095867e-02 3.204412e+00 
1.096867e-02 -1.956029e+00 1.096867e-02 6.410248e+00 1.096867e-02 3.204314e+00 
1.097867e-02 -1.336393e+00 1.097867e-02 6.410445e+00 1.097867e-02 3.204412e+00 
1.098867e-02 -7.114829e-01 1.098867e-02 6.410248e+00 1.098867e-02 3.204314e+00 
1.099867e-02 -8.376504e-02 1.099867e-02 6.410445e+00 1.099867e-02 3.204412e+00 
1.100867e-02 5.442834e-01 1.100867e-02 6.410248e+00 1.100867e-02 3.204314e+00 
1.101867e-02 1.170184e+00 1.101867e-02 6.410444e+00 1.101867e-02 3.204412e+00 
1.102867e-02 1.791466e+00 1.102867e-02 6.410249e+00 1.102867e-02 3.204314e+00 
1.103867e-02 2.405678e+00 1.103867e-02 6.410444e+00 1.103867e-02 3.204412e+00 
1.104867e-02 3.010396e+00 1.104867e-02 6.410247e+00 1.104867e-02 3.204315e+00 
1.105148e-02 3.178408e+00 1.105148e-02 6.410292e+00 1.105148e-02 3.204611e+00 
1.105291e-02 3.263762e+00 1.105291e-02 6.409721e+00 1.105291e-02 3.204721e+00 
1.105342e-02 3.293847e+00 1.105342e-02 6.409593e+00 1.105342e-02 3.204736e+00 
1.105387e-02 3.320285e+00 1.105387e-02 6.408900e+00 1.105387e-02 3.204425e+00 
1.105423e-02 3.341961e+00 1.105423e-02 6.408152e+00 1.105423e-02 3.204065e+00 
1.105463e-02 3.365288e+00 1.105463e-02 6.404298e+00 1.105463e-02 3.202145e+00 
1.105514e-02 3.395863e+00 1.105514e-02 6.397919e+00 1.105514e-02 3.198959e+00 
1.105573e-02 3.430545e+00 1.105573e-02 6.390169e+00 1.105573e-02 3.195084e+00 
1.105691e-02 3.499769e+00 1.105691e-02 6.374934e+00 1.105691e-02 3.187467e+00 
1.105818e-02 3.574584e+00 1.105818e-02 6.357606e+00 1.105818e-02 3.178803e+00 
1.106072e-02 3.723523e+00 1.106072e-02 6.321808e+00 1.106072e-02 3.160904e+00 
1.106582e-02 4.018504e+00 1.106582e-02 6.236703e+00 1.106582e-02 3.118352e+00 
1.106996e-02 4.255241e+00 1.106996e-02 6.117361e+00 1.106996e-02 3.058681e+00 
1.107271e-02 4.411012e+00 1.107271e-02 5.319712e+00 1.107271e-02 2.659856e+00 
1.107539e-02 4.561544e+00 1.107539e-02 4.024799e+00 1.107539e-02 2.012399e+00 
1.107823e-02 4.719886e+00 1.107823e-02 2.638081e+00 1.107823e-02 1.319040e+00 
1.108118e-02 4.882103e+00 1.108118e-02 1.213473e+00 1.108118e-02 6.067367e-01 
1.108706e-02 5.201474e+00 1.108706e-02 -1.653966e+00 1.108706e-02 -8.269827e-01 
1.109553e-02 5.648120e+00 1.109553e-02 -5.769874e+00 1.109553e-02 -2.884937e+00 
1.109895e-02 5.824341e+00 1.109895e-02 -6.180236e+00 1.109895e-02 -3.090118e+00 
1.110228e-02 5.993375e+00 1.110228e-02 -6.253887e+00 1.110228e-02 -3.126943e+00 
1.110613e-02 6.185219e+00 1.110613e-02 -6.317725e+00 1.110613e-02 -3.158862e+00 
1.111160e-02 6.451395e+00 1.111160e-02 -6.393438e+00 1.111160e-02 -3.196719e+00 
1.111444e-02 6.586501e+00 1.111444e-02 -6.409871e+00 1.111444e-02 -3.204935e+00 
1.111828e-02 6.766179e+00 1.111828e-02 -6.410083e+00 1.111828e-02 -3.205041e+00 
1.112117e-02 6.898867e+00 1.112117e-02 -6.410525e+00 1.112117e-02 -3.205263e+00 
1.112471e-02 7.058113e+00 1.112471e-02 -6.410162e+00 1.112471e-02 -3.205081e+00 
1.113055e-02 7.313219e+00 1.113055e-02 -6.410559e+00 1.113055e-02 -3.205280e+00 
1.114055e-02 7.727040e+00 1.114055e-02 -6.410173e+00 1.114055e-02 -3.205087e+00 
1.115055e-02 8.110365e+00 1.115055e-02 -6.410561e+00 1.115055e-02 -3.205281e+00 
1.116055e-02 8.461683e+00 1.116055e-02 -6.410175e+00 1.116055e-02 -3.205087e+00 
1.117055e-02 8.779607e+00 1.117055e-02 -6.410564e+00 1.117055e-02 -3.205282e+00 
1.118055e-02 9.062881e+00 1.118055e-02 -6.410177e+00 1.118055e-02 -3.205088e+00 
1.119055e-02 9.310388e+00 1.119055e-02 -6.410566e+00 1.119055e-02 -3.205283e+00 
1.120055e-02 9.521151e+00 1.120055e-02 -6.410178e+00 1.120055e-02 -3.205089e+00 
1.121055e-02 9.694339e+00 1.121055e-02 -6.410568e+00 1.121055e-02 -3.205284e+00 
1.122055e-02 9.829268e+00 1.122055e-02 -6.410180e+00 1.122055e-02 -3.205090e+00 
1.123055e-02 9.925405e+00 1.123055e-02 -6.410569e+00 1.123055e-02 -3.205284e+00 
1.124055e-02 9.982371e+00 1.124055e-02 -6.410180e+00 1.124055e-02 -3.205090e+00 
1.125055e-02 9.999941e+00 1.125055e-02 -6.410569e+00 1.125055e-02 -3.205284e+00 
1.126055e-02 9.978046e+00 1.126055e-02 -6.410180e+00 1.126055e-02 -3.205090e+00 
1.127055e-02 9.916772e+00 1.127055e-02 -6.410569e+00 1.127055e-02 -3.205284e+00 
1.128055e-02 9.816361e+00 1.128055e-02 -6.410179e+00 1.128055e-02 -3.205090e+00 
1.129055e-02 9.677209e+00 1.129055e-02 -6.410568e+00 1.129055e-02 -3.205284e+00 
1.130055e-02 9.499866e+00 1.130055e-02 -6.410178e+00 1.130055e-02 -3.205089e+00 
1.131055e-02 9.285031e+00 1.131055e-02 -6.410567e+00 1.131055e-02 -3.205283e+00 
1.132055e-02 9.033553e+00 1.132055e-02 -6.410177e+00 1.132055e-02 -3.205088e+00 
1.133055e-02 8.746423e+00 1.133055e-02 -6.410565e+00 1.133055e-02 -3.205282e+00 
1.134055e-02 8.424775e+00 1.134055e-02 -6.410175e+00 1.134055e-02 -3.205087e+00 
1.135055e-02 8.069878e+00 1.135055e-02 -6.410563e+00 1.135055e-02 -3.205281e+00 
1.136055e-02 7.683134e+00 1.136055e-02 -6.410172e+00 1.136055e-02 -3.205086e+00 
1.137055e-02 7.266067e+00 1.137055e-02 -6.410560e+00 1.137055e-02 -3.205280e+00 
1.138055e-02 6.820325e+00 1.138055e-02 -6.410169e+00 1.138055e-02 -3.205084e+00 
1.139055e-02 6.347665e+00 1.139055e-02 -6.410557e+00 1.139055e-02 -3.205278e+00 
1.140055e-02 5.849955e+00 1.140055e-02 -6.410166e+00 1.140055e-02 -3.205083e+00 
1.141055e-02 5.329157e+00 1.141055e-02 -6.410554e+00 1.141055e-02 -3.205277e+00 
1.142055e-02 4.787328e+00 1.142055e-02 -6.410162e+00 1.142055e-02 -3.205081e+00 
1.143055e-02 4.226605e+00 1.143055e-02 -6.410550e+00 1.143055e-02 -3.205275e+00 
1.144055e-02 3.649202e+00 1.144055e-02 -6.410158e+00 1.144055e-02 -3.205079e+00 
1.145055e-02 3.057397e+00 1.145055e-02 -6.410545e+00 1.145055e-02 -3.205273e+00 
1.146055e-02 2.453526e+00 1.146055e-02 -6.410154e+00 1.146055e-02 -3.205077e+00 
1.147055e-02 1.839972e+00 1.147055e-02 -6.410541e+00 1.147055e-02 -3.205270e+00 
1.148055e-02 1.219156e+00 1.148055e-02 -6.410149e+00 1.148055e-02 -3.205074e+00 
1.149055e-02 5.935292e-01 1.149055e-02 -6.410537e+00 1.149055e-02 -3.205268e+00 
1.150055e-02 -3.444027e-02 1.150055e-02 -6.410145e+00 1.150055e-02 -3.205072e+00 
1.151055e-02 -6.622738e-01 1.151055e-02 -6.410532e+00 1.151055e-02 -3.205266e+00 
1.152055e-02 -1.287494e+00 1.152055e-02 -6.410140e+00 1.152055e-02 -3.205070e+00 
1.153055e-02 -1.907632e+00 1.153055e-02 -6.410527e+00 1.153055e-02 -3.205264e+00 
1.154055e-02 -2.520242e+00 1.154055e-02 -6.410136e+00 1.154055e-02 -3.205068e+00 
1.154696e-02 -2.907969e+00 1.154696e-02 -6.410523e+00 1.154696e-02 -3.205262e+00 
1.155019e-02 -3.101717e+00 1.155019e-02 -6.410113e+00 1.155019e-02 -3.205092e+00 
1.155139e-02 -3.172956e+00 1.155139e-02 -6.410435e+00 1.155139e-02 -3.205454e+00 
1.155212e-02 -3.216396e+00 1.155212e-02 -6.409926e+00 1.155212e-02 -3.205409e+00 
1.155246e-02 -3.236627e+00 1.155246e-02 -6.410218e+00 1.155246e-02 -3.205650e+00 
1.155283e-02 -3.258555e+00 1.155283e-02 -6.409693e+00 1.155283e-02 -3.205477e+00 
1.155333e-02 -3.288363e+00 1.155333e-02 -6.409789e+00 1.155333e-02 -3.205609e+00 
1.155383e-02 -3.317939e+00 1.155383e-02 -6.408939e+00 1.155383e-02 -3.205228e+00 
1.155433e-02 -3.347724e+00 1.155433e-02 -6.408068e+00 1.155433e-02 -3.204810e+00 
1.155490e-02 -3.381742e+00 1.155490e-02 -6.401680e+00 1.155490e-02 -3.201623e+00 
1.155554e-02 -3.419234e+00 1.155554e-02 -6.394145e+00 1.155554e-02 -3.197856e+00 
1.155638e-02 -3.468580e+00 1.155638e-02 -6.383278e+00 1.155638e-02 -3.192423e+00 
1.155772e-02 -3.547825e+00 1.155772e-02 -6.366312e+00 1.155772e-02 -3.183940e+00 
1.156000e-02 -3.681144e+00 1.156000e-02 -6.335518e+00 1.156000e-02 -3.168544e+00 
1.156446e-02 -3.940108e+00 1.156446e-02 -6.269585e+00 1.156446e-02 -3.135578e+00 
1.157022e-02 -4.270146e+00 1.157022e-02 -6.132476e+00 1.157022e-02 -3.067023e+00 
1.157399e-02 -4.483053e+00 1.157399e-02 -5.063436e+00 1.157399e-02 -2.532505e+00 
1.157527e-02 -4.554860e+00 1.157527e-02 -4.443098e+00 1.157527e-02 -2.222338e+00 
1.157651e-02 -4.624245e+00 1.157651e-02 -3.877534e+00 1.157651e-02 -1.939557e+00 
1.157801e-02 -4.707392e+00 1.157801e-02 -3.158617e+00 1.157801e-02 -1.580100e+00 
1.157979e-02 -4.805911e+00 1.157979e-02 -2.334026e+00 1.157979e-02 -1.167806e+00 
1.158227e-02 -4.942300e+00 1.158227e-02 -1.147782e+00 1.158227e-02 -5.746863e-01 
1.158578e-02 -5.132323e+00 1.158578e-02 4.961172e-01 1.158578e-02 2.472602e-01 
1.159176e-02 -5.451457e+00 1.159176e-02 3.355492e+00 1.159176e-02 1.676942e+00 
1.159581e-02 -5.663029e+00 1.159581e-02 5.279449e+00 1.159581e-02 2.638917e+00 
1.159733e-02 -5.741561e+00 1.159733e-02 5.967420e+00 1.159733e-02 2.982900e+00 
1.159850e-02 -5.801413e+00 1.159850e-02 6.109427e+00 1.159850e-02 3.053904e+00 
1.159976e-02 -5.865426e+00 1.159976e-02 6.162851e+00 1.159976e-02 3.080616e+00 
1.160125e-02 -5.941286e+00 1.160125e-02 6.203795e+00 1.160125e-02 3.101088e+00 
1.160295e-02 -6.026726e+00 1.160295e-02 6.240807e+00 1.160295e-02 3.119594e+00 
1.160634e-02 -6.195541e+00 1.160634e-02 6.298035e+00 1.160634e-02 3.148207e+00 
1.160977e-02 -6.363163e+00 1.160977e-02 6.348639e+00 1.160977e-02 3.173510e+00 
1.161456e-02 -6.592212e+00 1.161456e-02 6.408096e+00 1.161456e-02 3.203238e+00 
1.161734e-02 -6.722765e+00 1.161734e-02 6.410117e+00 1.161734e-02 3.204248e+00 
1.162034e-02 -6.860989e+00 1.162034e-02 6.410181e+00 1.162034e-02 3.204280e+00 
1.162317e-02 -6.989396e+00 1.162317e-02 6.410427e+00 1.162317e-02 3.204403e+00 
1.162845e-02 -7.222782e+00 1.162845e-02 6.410265e+00 1.162845e-02 3.204322e+00 
1.163476e-02 -7.491118e+00 1.163476e-02 6.410435e+00 1.163476e-02 3.204407e+00 
1.164476e-02 -7.892287e+00 1.164476e-02 6.410259e+00 1.164476e-02 3.204319e+00 
1.165476e-02 -8.262310e+00 1.165476e-02 6.410434e+00 1.165476e-02 3.204407e+00 
1.166476e-02 -8.599725e+00 1.166476e-02 6.410260e+00 1.166476e-02 3.204320e+00 
1.167476e-02 -8.903201e+00 1.167476e-02 6.410433e+00 1.167476e-02 3.204406e+00 
1.168476e-02 -9.171540e+00 1.168476e-02 6.410260e+00 1.168476e-02 3.204320e+00 
1.169476e-02 -9.403683e+00 1.169476e-02 6.410432e+00 1.169476e-02 3.204406e+00 
1.170476e-02 -9.598714e+00 1.170476e-02 6.410261e+00 1.170476e-02 3.204320e+00 
1.171476e-02 -9.755863e+00 1.171476e-02 6.410432e+00 1.171476e-02 3.204406e+00 
1.172476e-02 -9.874510e+00 1.172476e-02 6.410262e+00 1.172476e-02 3.204321e+00 
1.173476e-02 -9.954187e+00 1.173476e-02 6.410431e+00 1.173476e-02 3.204405e+00 
1.174476e-02 -9.994580e+00 1.174476e-02 6.410262e+00 1.174476e-02 3.204321e+00 
1.175476e-02 -9.995528e+00 1.175476e-02 6.410430e+00 1.175476e-02 3.204405e+00 
1.176476e-02 -9.957029e+00 1.176476e-02 6.410263e+00 1.176476e-02 3.204321e+00 
1.177476e-02 -9.879234e+00 1.177476e-02 6.410429e+00 1.177476e-02 3.204405e+00 
1.178476e-02 -9.762450e+00 1.178476e-02 6.410264e+00 1.178476e-02 3.204322e+00 
1.179476e-02 -9.607138e+00 1.179476e-02 6.410429e+00 1.179476e-02 3.204404e+00 
1.180476e-02 -9.413911e+00 1.180476e-02 6.410264e+00 1.180476e-02 3.204322e+00 
1.181476e-02 -9.183532e+00 1.181476e-02 6.410428e+00 1.181476e-02 3.204404e+00 
1.182476e-02 -8.916909e+00 1.182476e-02 6.410265e+00 1.182476e-02 3.204322e+00 
1.183476e-02 -8.615096e+00 1.183476e-02 6.410428e+00 1.183476e-02 3.204404e+00 
1.184476e-02 -8.279283e+00 1.184476e-02 6.410266e+00 1.184476e-02 3.204323e+00 
1.185476e-02 -7.910795e+00 1.185476e-02 6.410427e+00 1.185476e-02 3.204403e+00 
1.186476e-02 -7.511087e+00 1.186476e-02 6.410266e+00 1.186476e-02 3.204323e+00 
1.187476e-02 -7.081736e+00 1.187476e-02 6.410426e+00 1.187476e-02 3.204403e+00 
1.188476e-02 -6.624436e+00 1.188476e-02 6.410267e+00 1.188476e-02 3.204323e+00 
1.189476e-02 -6.140993e+00 1.189476e-02 6.410426e+00 1.189476e-02 3.204403e+00 
1.190476e-02 -5.633315e+00 1.190476e-02 6.410267e+00 1.190476e-02 3.204323e+00 
1.191476e-02 -5.103404e+00 1.191476e-02 6.410425e+00 1.191476e-02 3.204402e+00 
1.192476e-02 -4.553352e+00 1.192476e-02 6.410268e+00 1.192476e-02 3.204324e+00 
1.193476e-02 -3.985331e+00 1.193476e-02 6.410425e+00 1.193476e-02 3.204402e+00 
1.194476e-02 -3.401581e+00 1.194476e-02 6.410268e+00 1.194476e-02 3.204324e+00 
1.195476e-02 -2.804406e+00 1.195476e-02 6.410424e+00 1.195476e-02 3.204402e+00 
1.196476e-02 -2.196164e+00 1.196476e-02 6.410269e+00 1.196476e-02 3.204324e+00 
1.197476e-02 -1.579255e+00 1.197476e-02 6.410424e+00 1.197476e-02 3.204402e+00 
1.198476e-02 -9.561131e-01 1.198476e-02 6.410269e+00 1.198476e-02 3.204324e+00 
1.199476e-02 -3.291978e-01 1.199476e-02 6.410423e+00 1.199476e-02 3.204402e+00 
1.200476e-02 2.990167e-01 1.200476e-02 6.410270e+00 1.200476e-02 3.204325e+00 
1.201476e-02 9.260511e-01 1.201476e-02 6.410423e+00 1.201476e-02 3.204401e+00 
1.202476e-02 1.549431e+00 1.202476e-02 6.410270e+00 1.202476e-02 3.204325e+00 
1.203476e-02 2.166696e+00 1.203476e-02 6.410423e+00 1.203476e-02 3.204401e+00 
1.204476e-02 2.775409e+00 1.204476e-02 6.410270e+00 1.204476e-02 3.204325e+00 
1.204856e-02 3.004070e+00 1.204856e-02 6.410421e+00 1.204856e-02 3.204401e+00 
1.205043e-02 3.115916e+00 1.205043e-02 6.410249e+00 1.205043e-02 3.204376e+00 
1.205119e-02 3.161028e+00 1.205119e-02 6.410356e+00 1.205119e-02 3.204566e+00 
1.205181e-02 3.198273e+00 1.205181e-02 6.410134e+00 1.205181e-02 3.204630e+00 
1.205213e-02 3.217201e+00 1.205213e-02 6.410205e+00 1.205213e-02 3.204760e+00 
1.205245e-02 3.235996e+00 1.205245e-02 6.409983e+00 1.205245e-02 3.204740e+00 
1.205289e-02 3.262559e+00 1.205289e-02 6.409938e+00 1.205289e-02 3.204825e+00 
1.205330e-02 3.286626e+00 1.205330e-02 6.409580e+00 1.205330e-02 3.204715e+00 
1.205391e-02 3.322903e+00 1.205391e-02 6.409088e+00 1.205391e-02 3.204521e+00 
1.205437e-02 3.349905e+00 1.205437e-02 6.407606e+00 1.205437e-02 3.203795e+00 
1.205491e-02 3.382351e+00 1.205491e-02 6.401573e+00 1.205491e-02 3.200784e+00 
1.205554e-02 3.419194e+00 1.205554e-02 6.393414e+00 1.205554e-02 3.196707e+00 
1.205653e-02 3.477494e+00 1.205653e-02 6.380689e+00 1.205653e-02 3.190344e+00 
1.205768e-02 3.545574e+00 1.205768e-02 6.365108e+00 1.205768e-02 3.182554e+00 
1.206000e-02 3.681169e+00 1.206000e-02 6.333149e+00 1.206000e-02 3.166575e+00 
1.206416e-02 3.923035e+00 1.206416e-02 6.268636e+00 1.206416e-02 3.134318e+00 
1.207156e-02 4.346138e+00 1.207156e-02 5.891894e+00 1.207156e-02 2.945947e+00 
1.207567e-02 4.577457e+00 1.207567e-02 3.914898e+00 1.207567e-02 1.957449e+00 
1.207806e-02 4.710122e+00 1.207806e-02 2.749443e+00 1.207806e-02 1.374722e+00 
1.208038e-02 4.838418e+00 1.208038e-02 1.628260e+00 1.208038e-02 8.141300e-01 
1.208275e-02 4.968085e+00 1.208275e-02 4.703520e-01 1.208275e-02 2.351761e-01 
1.208748e-02 5.224092e+00 1.208748e-02 -1.826319e+00 1.208748e-02 -9.131594e-01 
1.209112e-02 5.417411e+00 1.209112e-02 -3.601997e+00 1.209112e-02 -1.800998e+00 
1.209439e-02 5.589091e+00 1.209439e-02 -5.190096e+00 1.209439e-02 -2.595048e+00 
1.209560e-02 5.652160e+00 1.209560e-02 -5.769198e+00 1.209560e-02 -2.884599e+00 
1.209685e-02 5.716406e+00 1.209685e-02 -6.082499e+00 1.209685e-02 -3.041249e+00 
1.209749e-02 5.749616e+00 1.209749e-02 -6.124280e+00 1.209749e-02 -3.062140e+00 
1.209823e-02 5.787692e+00 1.209823e-02 -6.154586e+00 1.209823e-02 -3.077293e+00 
1.209911e-02 5.832743e+00 1.209911e-02 -6.183115e+00 1.209911e-02 -3.091557e+00 
1.210000e-02 5.877860e+00 1.210000e-02 -6.205732e+00 1.210000e-02 -3.102866e+00 
1.210143e-02 5.950493e+00 1.210143e-02 -6.236844e+00 1.210143e-02 -3.118422e+00 
1.210347e-02 6.052778e+00 1.210347e-02 -6.274405e+00 1.210347e-02 -3.137202e+00 
1.210754e-02 6.254362e+00 1.210754e-02 -6.337228e+00 1.210754e-02 -3.168614e+00 
1.211188e-02 6.465013e+00 1.211188e-02 -6.397115e+00 1.211188e-02 -3.198557e+00 
1.211435e-02 6.582520e+00 1.211435e-02 -6.409669e+00 1.211435e-02 -3.204834e+00 
1.211752e-02 6.731031e+00 1.211752e-02 -6.410187e+00 1.211752e-02 -3.205094e+00 
1.212020e-02 6.854477e+00 1.212020e-02 -6.410330e+00 1.212020e-02 -3.205165e+00 
1.212338e-02 6.998507e+00 1.212338e-02 -6.410332e+00 1.212338e-02 -3.205166e+00 
1.212913e-02 7.252289e+00 1.212913e-02 -6.410383e+00 1.212913e-02 -3.205191e+00 
1.213661e-02 7.567512e+00 1.213661e-02 -6.410350e+00 1.213661e-02 -3.205175e+00 
1.214661e-02 7.963043e+00 1.214661e-02 -6.410382e+00 1.214661e-02 -3.205191e+00 
1.215661e-02 8.327147e+00 1.215661e-02 -6.410354e+00 1.215661e-02 -3.205177e+00 
1.216661e-02 8.658388e+00 1.216661e-02 -6.410383e+00 1.216661e-02 -3.205191e+00 
1.217661e-02 8.955458e+00 1.217661e-02 -6.410357e+00 1.217661e-02 -3.205178e+00 
1.218661e-02 9.217185e+00 1.218661e-02 -6.410384e+00 1.218661e-02 -3.205192e+00 
1.219661e-02 9.442536e+00 1.219661e-02 -6.410360e+00 1.219661e-02 -3.205180e+00 
1.220661e-02 9.630622e+00 1.220661e-02 -6.410384e+00 1.220661e-02 -3.205192e+00 
1.221661e-02 9.780700e+00 1.221661e-02 -6.410363e+00 1.221661e-02 -3.205181e+00 
1.222661e-02 9.892178e+00 1.222661e-02 -6.410384e+00 1.222661e-02 -3.205192e+00 
1.223661e-02 9.964616e+00 1.223661e-02 -6.410365e+00 1.223661e-02 -3.205182e+00 
1.224661e-02 9.997728e+00 1.224661e-02 -6.410383e+00 1.224661e-02 -3.205191e+00 
1.225661e-02 9.991384e+00 1.225661e-02 -6.410366e+00 1.225661e-02 -3.205183e+00 
1.226661e-02 9.945608e+00 1.226661e-02 -6.410382e+00 1.226661e-02 -3.205191e+00 
1.227661e-02 9.860582e+00 1.227661e-02 -6.410367e+00 1.227661e-02 -3.205183e+00 
1.228661e-02 9.736640e+00 1.228661e-02 -6.410380e+00 1.228661e-02 -3.205190e+00 
1.229661e-02 9.574273e+00 1.229661e-02 -6.410367e+00 1.229661e-02 -3.205183e+00 
1.230661e-02 9.374120e+00 1.230661e-02 -6.410378e+00 1.230661e-02 -3.205189e+00 
1.231661e-02 9.136971e+00 1.231661e-02 -6.410366e+00 1.231661e-02 -3.205183e+00 
1.232661e-02 8.863763e+00 1.232661e-02 -6.410375e+00 1.232661e-02 -3.205187e+00 
1.233661e-02 8.555574e+00 1.233661e-02 -6.410365e+00 1.233661e-02 -3.205182e+00 
1.234661e-02 8.213621e+00 1.234661e-02 -6.410372e+00 1.234661e-02 -3.205186e+00 
1.235661e-02 7.839251e+00 1.235661e-02 -6.410364e+00 1.235661e-02 -3.205182e+00 
1.236661e-02 7.433944e+00 1.236661e-02 -6.410368e+00 1.236661e-02 -3.205184e+00 
1.237661e-02 6.999298e+00 1.237661e-02 -6.410362e+00 1.237661e-02 -3.205181e+00 
1.238661e-02 6.537030e+00 1.238661e-02 -6.410364e+00 1.238661e-02 -3.205182e+00 
1.239661e-02 6.048962e+00 1.239661e-02 -6.410359e+00 1.239661e-02 -3.205179e+00 
1.240661e-02 5.537022e+00 1.240661e-02 -6.410360e+00 1.240661e-02 -3.205180e+00 
1.241661e-02 5.003230e+00 1.241661e-02 -6.410356e+00 1.241661e-02 -3.205178e+00 
1.242661e-02 4.449693e+00 1.242661e-02 -6.410355e+00 1.242661e-02 -3.205178e+00 
1.243661e-02 3.878595e+00 1.243661e-02 -6.410353e+00 1.243661e-02 -3.205176e+00 
1.244661e-02 3.292189e+00 1.244661e-02 -6.410350e+00 1.244661e-02 -3.205175e+00 
1.245661e-02 2.692791e+00 1.245661e-02 -6.410350e+00 1.245661e-02 -3.205175e+00 
1.246661e-02 2.082766e+00 1.246661e-02 -6.410345e+00 1.246661e-02 -3.205173e+00 
1.247661e-02 1.464521e+00 1.247661e-02 -6.410346e+00 1.247661e-02 -3.205173e+00 
1.248661e-02 8.404957e-01 1.248661e-02 -6.410340e+00 1.248661e-02 -3.205170e+00 
1.249661e-02 2.131538e-01 1.249661e-02 -6.410342e+00 1.249661e-02 -3.205171e+00 
1.250661e-02 -4.150293e-01 1.250661e-02 -6.410335e+00 1.250661e-02 -3.205167e+00 
1.251661e-02 -1.041575e+00 1.251661e-02 -6.410338e+00 1.251661e-02 -3.205169e+00 
1.252661e-02 -1.664009e+00 1.252661e-02 -6.410330e+00 1.252661e-02 -3.205165e+00 
1.253661e-02 -2.279877e+00 1.253661e-02 -6.410334e+00 1.253661e-02 -3.205167e+00 
1.254661e-02 -2.886747e+00 1.254661e-02 -6.410324e+00 1.254661e-02 -3.205162e+00 
1.255041e-02 -3.114699e+00 1.255041e-02 -6.410297e+00 1.255041e-02 -3.205203e+00 
1.255194e-02 -3.206159e+00 1.255194e-02 -6.410135e+00 1.255194e-02 -3.205463e+00 
1.255316e-02 -3.278589e+00 1.255316e-02 -6.409722e+00 1.255316e-02 -3.205553e+00 
1.255354e-02 -3.301148e+00 1.255354e-02 -6.409425e+00 1.255354e-02 -3.205451e+00 
1.255411e-02 -3.334643e+00 1.255411e-02 -6.408669e+00 1.255411e-02 -3.205105e+00 
1.255472e-02 -3.370640e+00 1.255472e-02 -6.404159e+00 1.255472e-02 -3.202860e+00 
1.255533e-02 -3.406652e+00 1.255533e-02 -6.396695e+00 1.255533e-02 -3.199131e+00 
1.255599e-02 -3.446043e+00 1.255599e-02 -6.388304e+00 1.255599e-02 -3.194937e+00 
1.255732e-02 -3.524138e+00 1.255732e-02 -6.371430e+00 1.255732e-02 -3.186500e+00 
1.255885e-02 -3.613890e+00 1.255885e-02 -6.351309e+00 1.255885e-02 -3.176439e+00 
1.256191e-02 -3.792385e+00 1.256191e-02 -6.308709e+00 1.256191e-02 -3.155139e+00 
1.256802e-02 -4.145109e+00 1.256802e-02 -6.200149e+00 1.256802e-02 -3.100860e+00 
1.257199e-02 -4.370341e+00 1.257199e-02 -5.954676e+00 1.257199e-02 -2.978124e+00 
1.257558e-02 -4.572551e+00 1.257558e-02 -4.312956e+00 1.257558e-02 -2.157267e+00 
1.257743e-02 -4.675306e+00 1.257743e-02 -3.433959e+00 1.257743e-02 -1.717770e+00 
1.257919e-02 -4.772889e+00 1.257919e-02 -2.616974e+00 1.257919e-02 -1.309279e+00 
1.258125e-02 -4.886025e+00 1.258125e-02 -1.636684e+00 1.258125e-02 -8.191362e-01 
1.258524e-02 -5.103580e+00 1.258524e-02 2.427124e-01 1.258524e-02 1.205584e-01 
1.259084e-02 -5.402851e+00 1.259084e-02 2.913021e+00 1.259084e-02 1.455707e+00 
1.259513e-02 -5.627627e+00 1.259513e-02 4.951503e+00 1.259513e-02 2.474944e+00 
1.259705e-02 -5.726989e+00 1.259705e-02 5.863903e+00 1.259705e-02 2.931142e+00 
1.259880e-02 -5.816849e+00 1.259880e-02 6.124851e+00 1.259880e-02 3.061616e+00 
1.260016e-02 -5.886153e+00 1.260016e-02 6.175264e+00 1.260016e-02 3.086822e+00 
1.260158e-02 -5.958011e+00 1.260158e-02 6.211259e+00 1.260158e-02 3.104820e+00 
1.260412e-02 -6.085163e+00 1.260412e-02 6.261265e+00 1.260412e-02 3.129823e+00 
1.260677e-02 -6.216715e+00 1.260677e-02 6.305291e+00 1.260677e-02 3.151835e+00 
1.261208e-02 -6.474590e+00 1.261208e-02 6.379164e+00 1.261208e-02 3.188772e+00 
1.261590e-02 -6.655418e+00 1.261590e-02 6.409515e+00 1.261590e-02 3.203947e+00 
1.262071e-02 -6.877895e+00 1.262071e-02 6.410356e+00 1.262071e-02 3.204368e+00 
1.262387e-02 -7.020674e+00 1.262387e-02 6.410329e+00 1.262387e-02 3.204354e+00 
1.262757e-02 -7.184181e+00 1.262757e-02 6.410357e+00 1.262757e-02 3.204368e+00 
1.263341e-02 -7.434571e+00 1.263341e-02 6.410333e+00 1.263341e-02 3.204357e+00 
1.264296e-02 -7.822354e+00 1.264296e-02 6.410360e+00 1.264296e-02 3.204370e+00 
1.265296e-02 -8.198093e+00 1.265296e-02 6.410334e+00 1.265296e-02 3.204357e+00 
1.266296e-02 -8.541477e+00 1.266296e-02 6.410358e+00 1.266296e-02 3.204369e+00 
1.267296e-02 -8.851152e+00 1.267296e-02 6.410336e+00 1.267296e-02 3.204358e+00 
1.268296e-02 -9.125896e+00 1.268296e-02 6.410357e+00 1.268296e-02 3.204368e+00 
1.269296e-02 -9.364624e+00 1.269296e-02 6.410337e+00 1.269296e-02 3.204358e+00 
1.270296e-02 -9.566394e+00 1.270296e-02 6.410356e+00 1.270296e-02 3.204368e+00 
1.271296e-02 -9.730410e+00 1.271296e-02 6.410338e+00 1.271296e-02 3.204359e+00 
1.272296e-02 -9.856024e+00 1.272296e-02 6.410355e+00 1.272296e-02 3.204367e+00 
1.273296e-02 -9.942742e+00 1.273296e-02 6.410339e+00 1.273296e-02 3.204359e+00 
1.274296e-02 -9.990219e+00 1.274296e-02 6.410354e+00 1.274296e-02 3.204367e+00 
1.275296e-02 -9.998270e+00 1.275296e-02 6.410340e+00 1.275296e-02 3.204360e+00 
1.276296e-02 -9.966863e+00 1.276296e-02 6.410352e+00 1.276296e-02 3.204366e+00 
1.277296e-02 -9.896120e+00 1.277296e-02 6.410341e+00 1.277296e-02 3.204360e+00 
1.278296e-02 -9.786322e+00 1.278296e-02 6.410351e+00 1.278296e-02 3.204366e+00 
1.279296e-02 -9.637902e+00 1.279296e-02 6.410342e+00 1.279296e-02 3.204361e+00 
1.280296e-02 -9.451446e+00 1.280296e-02 6.410351e+00 1.280296e-02 3.204365e+00 
1.281296e-02 -9.227689e+00 1.281296e-02 6.410343e+00 1.281296e-02 3.204361e+00 
1.282296e-02 -8.967515e+00 1.282296e-02 6.410350e+00 1.282296e-02 3.204365e+00 
1.283296e-02 -8.671950e+00 1.283296e-02 6.410344e+00 1.283296e-02 3.204362e+00 
1.284296e-02 -8.342160e+00 1.284296e-02 6.410349e+00 1.284296e-02 3.204364e+00 
1.285296e-02 -7.979448e+00 1.285296e-02 6.410345e+00 1.285296e-02 3.204362e+00 
1.286296e-02 -7.585245e+00 1.286296e-02 6.410348e+00 1.286296e-02 3.204364e+00 
1.287296e-02 -7.161106e+00 1.287296e-02 6.410345e+00 1.287296e-02 3.204362e+00 
1.288296e-02 -6.708706e+00 1.288296e-02 6.410347e+00 1.288296e-02 3.204363e+00 
1.289296e-02 -6.229829e+00 1.289296e-02 6.410346e+00 1.289296e-02 3.204363e+00 
1.290296e-02 -5.726367e+00 1.290296e-02 6.410346e+00 1.290296e-02 3.204363e+00 
1.291296e-02 -5.200304e+00 1.291296e-02 6.410347e+00 1.291296e-02 3.204363e+00 
1.292296e-02 -4.653719e+00 1.292296e-02 6.410346e+00 1.292296e-02 3.204363e+00 
1.293296e-02 -4.088768e+00 1.293296e-02 6.410348e+00 1.293296e-02 3.204364e+00 
1.294296e-02 -3.507680e+00 1.294296e-02 6.410345e+00 1.294296e-02 3.204362e+00 
1.295296e-02 -2.912748e+00 1.295296e-02 6.410348e+00 1.295296e-02 3.204364e+00 
1.296296e-02 -2.306322e+00 1.296296e-02 6.410344e+00 1.296296e-02 3.204362e+00 
1.297296e-02 -1.690793e+00 1.297296e-02 6.410349e+00 1.297296e-02 3.204364e+00 
1.298296e-02 -1.068592e+00 1.298296e-02 6.410344e+00 1.298296e-02 3.204362e+00 
1.299296e-02 -4.421735e-01 1.299296e-02 6.410350e+00 1.299296e-02 3.204365e+00 
1.300296e-02 1.859901e-01 1.300296e-02 6.410343e+00 1.300296e-02 3.204361e+00 
1.301296e-02 8.134197e-01 1.301296e-02 6.410350e+00 1.301296e-02 3.204365e+00 
1.302296e-02 1.437639e+00 1.302296e-02 6.410342e+00 1.302296e-02 3.204361e+00 
1.303296e-02 2.056185e+00 1.303296e-02 6.410351e+00 1.303296e-02 3.204365e+00 
1.304296e-02 2.666616e+00 1.304296e-02 6.410342e+00 1.304296e-02 3.204361e+00 
1.304676e-02 2.896121e+00 1.304676e-02 6.410352e+00 1.304676e-02 3.204366e+00 
1.304919e-02 3.041592e+00 1.304919e-02 6.410338e+00 1.304919e-02 3.204363e+00 
1.305059e-02 3.125310e+00 1.305059e-02 6.410329e+00 1.305059e-02 3.204436e+00 
1.305127e-02 3.165683e+00 1.305127e-02 6.410269e+00 1.305127e-02 3.204542e+00 
1.305199e-02 3.209086e+00 1.305199e-02 6.410183e+00 1.305199e-02 3.204709e+00 
1.305232e-02 3.228350e+00 1.305232e-02 6.410076e+00 1.305232e-02 3.204750e+00 
1.305264e-02 3.247659e+00 1.305264e-02 6.409998e+00 1.305264e-02 3.204798e+00 
1.305309e-02 3.274213e+00 1.305309e-02 6.409758e+00 1.305309e-02 3.204773e+00 
1.305358e-02 3.303584e+00 1.305358e-02 6.409431e+00 1.305358e-02 3.204671e+00 
1.305429e-02 3.345334e+00 1.305429e-02 6.408070e+00 1.305429e-02 3.204025e+00 
1.305483e-02 3.377555e+00 1.305483e-02 6.402582e+00 1.305483e-02 3.201288e+00 
1.305549e-02 3.416241e+00 1.305549e-02 6.394143e+00 1.305549e-02 3.197071e+00 
1.305623e-02 3.459897e+00 1.305623e-02 6.384591e+00 1.305623e-02 3.192296e+00 
1.305765e-02 3.543590e+00 1.305765e-02 6.365647e+00 1.305765e-02 3.182824e+00 
1.305948e-02 3.650974e+00 1.305948e-02 6.340473e+00 1.305948e-02 3.170236e+00 
1.306315e-02 3.864278e+00 1.306315e-02 6.285464e+00 1.306315e-02 3.142732e+00 
1.307047e-02 4.284631e+00 1.307047e-02 6.088950e+00 1.307047e-02 3.044475e+00 
1.307447e-02 4.509938e+00 1.307447e-02 4.502555e+00 1.307447e-02 2.251277e+00 
1.307659e-02 4.628617e+00 1.307659e-02 3.462365e+00 1.307659e-02 1.731183e+00 
1.307854e-02 4.737050e+00 1.307854e-02 2.522930e+00 1.307854e-02 1.261465e+00 
1.308068e-02 4.855207e+00 1.308068e-02 1.473588e+00 1.308068e-02 7.367939e-01 
1.308497e-02 5.088860e+00 1.308497e-02 -6.022715e-01 1.308497e-02 -3.011356e-01 
1.309229e-02 5.479184e+00 1.309229e-02 -4.172288e+00 1.309229e-02 -2.086144e+00 
1.309586e-02 5.665646e+00 1.309586e-02 -5.892336e+00 1.309586e-02 -2.946168e+00 
1.309904e-02 5.829170e+00 1.309904e-02 -6.180983e+00 1.309904e-02 -3.090492e+00 
1.310166e-02 5.962140e+00 1.310166e-02 -6.241019e+00 1.310166e-02 -3.120509e+00 
1.310443e-02 6.100973e+00 1.310443e-02 -6.290261e+00 1.310443e-02 -3.145130e+00 
1.310998e-02 6.373052e+00 1.310998e-02 -6.370987e+00 1.310998e-02 -3.185493e+00 
1.311327e-02 6.530980e+00 1.311327e-02 -6.408909e+00 1.311327e-02 -3.204454e+00 
1.311605e-02 6.662396e+00 1.311605e-02 -6.409922e+00 1.311605e-02 -3.204961e+00 
1.311849e-02 6.776178e+00 1.311849e-02 -6.410407e+00 1.311849e-02 -3.205204e+00 
1.312109e-02 6.895293e+00 1.312109e-02 -6.410184e+00 1.312109e-02 -3.205092e+00 
1.312629e-02 7.127983e+00 1.312629e-02 -6.410525e+00 1.312629e-02 -3.205263e+00 
1.313253e-02 7.397568e+00 1.313253e-02 -6.410214e+00 1.313253e-02 -3.205107e+00 
1.314253e-02 7.805472e+00 1.314253e-02 -6.410522e+00 1.314253e-02 -3.205261e+00 
1.315253e-02 8.182572e+00 1.315253e-02 -6.410213e+00 1.315253e-02 -3.205107e+00 
1.316253e-02 8.527378e+00 1.316253e-02 -6.410525e+00 1.316253e-02 -3.205262e+00 
1.317253e-02 8.838531e+00 1.317253e-02 -6.410214e+00 1.317253e-02 -3.205107e+00 
1.318253e-02 9.114802e+00 1.318253e-02 -6.410528e+00 1.318253e-02 -3.205264e+00 
1.319253e-02 9.355101e+00 1.319253e-02 -6.410215e+00 1.319253e-02 -3.205107e+00 
1.320253e-02 9.558479e+00 1.320253e-02 -6.410531e+00 1.320253e-02 -3.205265e+00 
1.321253e-02 9.724135e+00 1.321253e-02 -6.410215e+00 1.321253e-02 -3.205108e+00 
1.322253e-02 9.851414e+00 1.322253e-02 -6.410533e+00 1.322253e-02 -3.205266e+00 
1.323253e-02 9.939814e+00 1.323253e-02 -6.410215e+00 1.323253e-02 -3.205107e+00 
1.324253e-02 9.988987e+00 1.324253e-02 -6.410534e+00 1.324253e-02 -3.205267e+00 
1.325253e-02 9.998737e+00 1.325253e-02 -6.410214e+00 1.325253e-02 -3.205107e+00 
1.326253e-02 9.969027e+00 1.326253e-02 -6.410535e+00 1.326253e-02 -3.205268e+00 
1.327253e-02 9.899973e+00 1.327253e-02 -6.410213e+00 1.327253e-02 -3.205106e+00 
1.328253e-02 9.791849e+00 1.328253e-02 -6.410536e+00 1.328253e-02 -3.205268e+00 
1.329253e-02 9.645081e+00 1.329253e-02 -6.410211e+00 1.329253e-02 -3.205106e+00 
1.330253e-02 9.460248e+00 1.330253e-02 -6.410536e+00 1.330253e-02 -3.205268e+00 
1.331253e-02 9.238080e+00 1.331253e-02 -6.410209e+00 1.331253e-02 -3.205104e+00 
1.332253e-02 8.979453e+00 1.332253e-02 -6.410535e+00 1.332253e-02 -3.205267e+00 
1.333253e-02 8.685389e+00 1.333253e-02 -6.410207e+00 1.333253e-02 -3.205103e+00 
1.334253e-02 8.357048e+00 1.334253e-02 -6.410534e+00 1.334253e-02 -3.205267e+00 
1.335253e-02 7.995724e+00 1.335253e-02 -6.410203e+00 1.335253e-02 -3.205102e+00 
1.336253e-02 7.602846e+00 1.336253e-02 -6.410532e+00 1.336253e-02 -3.205266e+00 
1.337253e-02 7.179962e+00 1.337253e-02 -6.410200e+00 1.337253e-02 -3.205100e+00 
1.338253e-02 6.728743e+00 1.338253e-02 -6.410529e+00 1.338253e-02 -3.205265e+00 
1.339253e-02 6.250968e+00 1.339253e-02 -6.410196e+00 1.339253e-02 -3.205098e+00 
1.340253e-02 5.748524e+00 1.340253e-02 -6.410527e+00 1.340253e-02 -3.205263e+00 
1.341253e-02 5.223392e+00 1.341253e-02 -6.410192e+00 1.341253e-02 -3.205096e+00 
1.342253e-02 4.677647e+00 1.342253e-02 -6.410524e+00 1.342253e-02 -3.205262e+00 
1.343253e-02 4.113440e+00 1.343253e-02 -6.410187e+00 1.343253e-02 -3.205093e+00 
1.344253e-02 3.533000e+00 1.344253e-02 -6.410520e+00 1.344253e-02 -3.205260e+00 
1.345253e-02 2.938617e+00 1.345253e-02 -6.410182e+00 1.345253e-02 -3.205091e+00 
1.346253e-02 2.332637e+00 1.346253e-02 -6.410516e+00 1.346253e-02 -3.205258e+00 
1.347253e-02 1.717450e+00 1.347253e-02 -6.410177e+00 1.347253e-02 -3.205089e+00 
1.348253e-02 1.095486e+00 1.348253e-02 -6.410512e+00 1.348253e-02 -3.205256e+00 
1.349253e-02 4.691979e-01 1.349253e-02 -6.410172e+00 1.349253e-02 -3.205086e+00 
1.350253e-02 -1.589416e-01 1.350253e-02 -6.410508e+00 1.350253e-02 -3.205254e+00 
1.351253e-02 -7.864539e-01 1.351253e-02 -6.410167e+00 1.351253e-02 -3.205083e+00 
1.352253e-02 -1.410862e+00 1.352253e-02 -6.410504e+00 1.352253e-02 -3.205252e+00 
1.353253e-02 -2.029703e+00 1.353253e-02 -6.410162e+00 1.353253e-02 -3.205081e+00 
1.354253e-02 -2.640533e+00 1.354253e-02 -6.410500e+00 1.354253e-02 -3.205250e+00 
1.354634e-02 -2.870468e+00 1.354634e-02 -6.410158e+00 1.354634e-02 -3.205079e+00 
1.354876e-02 -3.016226e+00 1.354876e-02 -6.410499e+00 1.354876e-02 -3.205251e+00 
1.355016e-02 -3.099799e+00 1.355016e-02 -6.410144e+00 1.355016e-02 -3.205106e+00 
1.355093e-02 -3.145810e+00 1.355093e-02 -6.410465e+00 1.355093e-02 -3.205364e+00 
1.355148e-02 -3.178605e+00 1.355148e-02 -6.410067e+00 1.355148e-02 -3.205297e+00 
1.355192e-02 -3.204730e+00 1.355192e-02 -6.410350e+00 1.355192e-02 -3.205563e+00 
1.355226e-02 -3.224806e+00 1.355226e-02 -6.409921e+00 1.355226e-02 -3.205448e+00 
1.355260e-02 -3.245392e+00 1.355260e-02 -6.410160e+00 1.355260e-02 -3.205659e+00 
1.355299e-02 -3.268106e+00 1.355299e-02 -6.409647e+00 1.355299e-02 -3.205486e+00 
1.355349e-02 -3.297782e+00 1.355349e-02 -6.409668e+00 1.355349e-02 -3.205567e+00 
1.355414e-02 -3.336398e+00 1.355414e-02 -6.408447e+00 1.355414e-02 -3.204995e+00 
1.355458e-02 -3.362825e+00 1.355458e-02 -6.406106e+00 1.355458e-02 -3.203833e+00 
1.355521e-02 -3.400000e+00 1.355521e-02 -6.398144e+00 1.355521e-02 -3.199856e+00 
1.355587e-02 -3.438914e+00 1.355587e-02 -6.390227e+00 1.355587e-02 -3.195898e+00 
1.355707e-02 -3.509737e+00 1.355707e-02 -6.374639e+00 1.355707e-02 -3.188104e+00 
1.355853e-02 -3.595202e+00 1.355853e-02 -6.355977e+00 1.355853e-02 -3.178773e+00 
1.356144e-02 -3.765225e+00 1.356144e-02 -6.315557e+00 1.356144e-02 -3.158563e+00 
1.356726e-02 -4.101437e+00 1.356726e-02 -6.217739e+00 1.356726e-02 -3.109654e+00 
1.357010e-02 -4.263429e+00 1.357010e-02 -6.138672e+00 1.357010e-02 -3.070121e+00 
1.357353e-02 -4.457279e+00 1.357353e-02 -5.286828e+00 1.357353e-02 -2.644201e+00 
1.357463e-02 -4.518980e+00 1.357463e-02 -4.755898e+00 1.357463e-02 -2.378737e+00 
1.357569e-02 -4.578335e+00 1.357569e-02 -4.272526e+00 1.357569e-02 -2.137052e+00 
1.357695e-02 -4.648916e+00 1.357695e-02 -3.665816e+00 1.357695e-02 -1.833698e+00 
1.357831e-02 -4.724187e+00 1.357831e-02 -3.039283e+00 1.357831e-02 -1.520433e+00 
1.358028e-02 -4.833164e+00 1.358028e-02 -2.099523e+00 1.358028e-02 -1.050555e+00 
1.358296e-02 -4.979874e+00 1.358296e-02 -8.439863e-01 1.358296e-02 -4.227888e-01 
1.358751e-02 -5.225290e+00 1.358751e-02 1.316912e+00 1.358751e-02 6.576558e-01 
1.359414e-02 -5.575942e+00 1.359414e-02 4.468543e+00 1.359414e-02 2.233465e+00 
1.359702e-02 -5.725464e+00 1.359702e-02 5.850928e+00 1.359702e-02 2.924655e+00 
1.359978e-02 -5.866774e+00 1.359978e-02 6.162572e+00 1.359978e-02 3.080476e+00 
1.360200e-02 -5.979265e+00 1.360200e-02 6.220510e+00 1.360200e-02 3.109445e+00 
1.360421e-02 -6.089570e+00 1.360421e-02 6.262607e+00 1.360421e-02 3.130493e+00 
1.360731e-02 -6.242866e+00 1.360731e-02 6.313002e+00 1.360731e-02 3.155691e+00 
1.361048e-02 -6.397344e+00 1.361048e-02 6.358019e+00 1.361048e-02 3.178199e+00 
1.361519e-02 -6.622295e+00 1.361519e-02 6.408897e+00 1.361519e-02 3.203638e+00 
1.361846e-02 -6.774667e+00 1.361846e-02 6.410278e+00 1.361846e-02 3.204329e+00 
1.362174e-02 -6.924853e+00 1.362174e-02 6.410164e+00 1.362174e-02 3.204272e+00 
1.362473e-02 -7.059164e+00 1.362473e-02 6.410468e+00 1.362473e-02 3.204424e+00 
1.363035e-02 -7.304570e+00 1.363035e-02 6.410218e+00 1.363035e-02 3.204299e+00 
1.363787e-02 -7.619313e+00 1.363787e-02 6.410478e+00 1.363787e-02 3.204429e+00 
1.364787e-02 -8.010946e+00 1.364787e-02 6.410217e+00 1.364787e-02 3.204298e+00 
1.365787e-02 -8.370963e+00 1.365787e-02 6.410476e+00 1.365787e-02 3.204428e+00 
1.366787e-02 -8.697944e+00 1.366787e-02 6.410218e+00 1.366787e-02 3.204299e+00 
1.367787e-02 -8.990598e+00 1.367787e-02 6.410475e+00 1.367787e-02 3.204427e+00 
1.368787e-02 -9.247770e+00 1.368787e-02 6.410219e+00 1.368787e-02 3.204299e+00 
1.369787e-02 -9.468446e+00 1.369787e-02 6.410474e+00 1.369787e-02 3.204427e+00 
1.370787e-02 -9.651753e+00 1.370787e-02 6.410220e+00 1.370787e-02 3.204300e+00 
1.371787e-02 -9.796970e+00 1.371787e-02 6.410473e+00 1.371787e-02 3.204426e+00 
1.372787e-02 -9.903523e+00 1.372787e-02 6.410221e+00 1.372787e-02 3.204300e+00 
1.373787e-02 -9.970991e+00 1.373787e-02 6.410472e+00 1.373787e-02 3.204426e+00 
1.374787e-02 -9.999108e+00 1.374787e-02 6.410222e+00 1.374787e-02 3.204301e+00 
1.375787e-02 -9.987763e+00 1.375787e-02 6.410471e+00 1.375787e-02 3.204425e+00 
1.376787e-02 -9.937001e+00 1.376787e-02 6.410223e+00 1.376787e-02 3.204301e+00 
1.377787e-02 -9.847022e+00 1.377787e-02 6.410470e+00 1.377787e-02 3.204425e+00 
1.378787e-02 -9.718182e+00 1.378787e-02 6.410224e+00 1.378787e-02 3.204302e+00 
1.379787e-02 -9.550988e+00 1.379787e-02 6.410469e+00 1.379787e-02 3.204424e+00 
1.380787e-02 -9.346101e+00 1.380787e-02 6.410224e+00 1.380787e-02 3.204302e+00 
1.381787e-02 -9.104329e+00 1.381787e-02 6.410468e+00 1.381787e-02 3.204424e+00 
1.382787e-02 -8.826627e+00 1.382787e-02 6.410225e+00 1.382787e-02 3.204302e+00 
1.383787e-02 -8.514090e+00 1.383787e-02 6.410468e+00 1.383787e-02 3.204424e+00 
1.384787e-02 -8.167951e+00 1.384787e-02 6.410226e+00 1.384787e-02 3.204303e+00 
1.385787e-02 -7.789578e+00 1.385787e-02 6.410467e+00 1.385787e-02 3.204423e+00 
1.386787e-02 -7.380462e+00 1.386787e-02 6.410227e+00 1.386787e-02 3.204303e+00 
1.387787e-02 -6.942219e+00 1.387787e-02 6.410466e+00 1.387787e-02 3.204423e+00 
1.388787e-02 -6.476579e+00 1.388787e-02 6.410228e+00 1.388787e-02 3.204304e+00 
1.389787e-02 -5.985378e+00 1.389787e-02 6.410465e+00 1.389787e-02 3.204422e+00 
1.390787e-02 -5.470556e+00 1.390787e-02 6.410228e+00 1.390787e-02 3.204304e+00 
1.391787e-02 -4.934144e+00 1.391787e-02 6.410465e+00 1.391787e-02 3.204422e+00 
1.392787e-02 -4.378259e+00 1.392787e-02 6.410229e+00 1.392787e-02 3.204304e+00 
1.393787e-02 -3.805095e+00 1.393787e-02 6.410464e+00 1.393787e-02 3.204422e+00 
1.394787e-02 -3.216914e+00 1.394787e-02 6.410230e+00 1.394787e-02 3.204305e+00 
1.395787e-02 -2.616038e+00 1.395787e-02 6.410463e+00 1.395787e-02 3.204421e+00 
1.396787e-02 -2.004837e+00 1.396787e-02 6.410230e+00 1.396787e-02 3.204305e+00 
1.397787e-02 -1.385724e+00 1.397787e-02 6.410463e+00 1.397787e-02 3.204421e+00 
1.398787e-02 -7.611425e-01 1.398787e-02 6.410231e+00 1.398787e-02 3.204305e+00 
1.399787e-02 -1.335568e-01 1.399787e-02 6.410462e+00 1.399787e-02 3.204421e+00 
1.400787e-02 4.945559e-01 1.400787e-02 6.410231e+00 1.400787e-02 3.204306e+00 
1.401787e-02 1.120717e+00 1.401787e-02 6.410461e+00 1.401787e-02 3.204420e+00 
1.402787e-02 1.742455e+00 1.402787e-02 6.410232e+00 1.402787e-02 3.204306e+00 
1.403787e-02 2.357316e+00 1.403787e-02 6.410461e+00 1.403787e-02 3.204420e+00 
1.404787e-02 2.962874e+00 1.404787e-02 6.410232e+00 1.404787e-02 3.204306e+00 
1.405069e-02 3.131228e+00 1.405069e-02 6.410410e+00 1.405069e-02 3.204491e+00 
1.405199e-02 3.208813e+00 1.405199e-02 6.410039e+00 1.405199e-02 3.204636e+00 
1.405284e-02 3.259519e+00 1.405284e-02 6.409990e+00 1.405284e-02 3.204840e+00 
1.405319e-02 3.280251e+00 1.405319e-02 6.409587e+00 1.405319e-02 3.204703e+00 
1.405366e-02 3.308138e+00 1.405366e-02 6.409410e+00 1.405366e-02 3.204667e+00 
1.405448e-02 3.356888e+00 1.405448e-02 6.406316e+00 1.405448e-02 3.203152e+00 
1.405490e-02 3.381609e+00 1.405490e-02 6.401432e+00 1.405490e-02 3.200714e+00 
1.405562e-02 3.424286e+00 1.405562e-02 6.391920e+00 1.405562e-02 3.195960e+00 
1.405639e-02 3.469220e+00 1.405639e-02 6.382226e+00 1.405639e-02 3.191113e+00 
1.405791e-02 3.558851e+00 1.405791e-02 6.361657e+00 1.405791e-02 3.180828e+00 
1.405991e-02 3.676079e+00 1.405991e-02 6.334058e+00 1.405991e-02 3.167029e+00 
1.406391e-02 3.908775e+00 1.406391e-02 6.272275e+00 1.406391e-02 3.136137e+00 
1.407144e-02 4.339573e+00 1.407144e-02 5.929159e+00 1.407144e-02 2.964580e+00 
1.407542e-02 4.563167e+00 1.407542e-02 4.024803e+00 1.407542e-02 2.012402e+00 
1.407787e-02 4.699770e+00 1.407787e-02 2.828927e+00 1.407787e-02 1.414464e+00 
1.408023e-02 4.829984e+00 1.408023e-02 1.688746e+00 1.408023e-02 8.443733e-01 
1.408260e-02 4.959974e+00 1.408260e-02 5.312969e-01 1.408260e-02 2.656486e-01 
1.408734e-02 5.216617e+00 1.408734e-02 -1.772332e+00 1.408734e-02 -8.861659e-01 
1.409126e-02 5.424781e+00 1.409126e-02 -3.681413e+00 1.409126e-02 -1.840706e+00 
1.409471e-02 5.605800e+00 1.409471e-02 -5.360235e+00 1.409471e-02 -2.680118e+00 
1.409596e-02 5.670410e+00 1.409596e-02 -5.930809e+00 1.409596e-02 -2.965404e+00 
1.409700e-02 5.724409e+00 1.409700e-02 -6.097297e+00 1.409700e-02 -3.048648e+00 
1.409812e-02 5.782006e+00 1.409812e-02 -6.151575e+00 1.409812e-02 -3.075788e+00 
1.409920e-02 5.837198e+00 1.409920e-02 -6.185703e+00 1.409920e-02 -3.092851e+00 
1.410027e-02 5.891727e+00 1.410027e-02 -6.212850e+00 1.410027e-02 -3.106425e+00 
1.410242e-02 5.999981e+00 1.410242e-02 -6.256869e+00 1.410242e-02 -3.128434e+00 
1.410628e-02 6.192618e+00 1.410628e-02 -6.319265e+00 1.410628e-02 -3.159632e+00 
1.410994e-02 6.371396e+00 1.410994e-02 -6.371480e+00 1.410994e-02 -3.185740e+00 
1.411305e-02 6.520821e+00 1.411305e-02 -6.408456e+00 1.411305e-02 -3.204228e+00 
1.411568e-02 6.644962e+00 1.411568e-02 -6.410050e+00 1.411568e-02 -3.205025e+00 
1.411835e-02 6.769332e+00 1.411835e-02 -6.410244e+00 1.411835e-02 -3.205122e+00 
1.412079e-02 6.881508e+00 1.412079e-02 -6.410330e+00 1.412079e-02 -3.205165e+00 
1.412567e-02 7.100971e+00 1.412567e-02 -6.410370e+00 1.412567e-02 -3.205185e+00 
1.413150e-02 7.353835e+00 1.413150e-02 -6.410366e+00 1.413150e-02 -3.205183e+00 
1.414014e-02 7.710860e+00 1.414014e-02 -6.410368e+00 1.414014e-02 -3.205184e+00 
1.415014e-02 8.095451e+00 1.415014e-02 -6.410365e+00 1.415014e-02 -3.205182e+00 
1.416014e-02 8.448093e+00 1.416014e-02 -6.410372e+00 1.416014e-02 -3.205186e+00 
1.417014e-02 8.767395e+00 1.417014e-02 -6.410365e+00 1.417014e-02 -3.205182e+00 
1.418014e-02 9.052095e+00 1.418014e-02 -6.410376e+00 1.418014e-02 -3.205188e+00 
1.419014e-02 9.301071e+00 1.419014e-02 -6.410366e+00 1.419014e-02 -3.205183e+00 
1.420014e-02 9.513340e+00 1.420014e-02 -6.410379e+00 1.420014e-02 -3.205189e+00 
1.421014e-02 9.688064e+00 1.421014e-02 -6.410365e+00 1.421014e-02 -3.205183e+00 
1.422014e-02 9.824553e+00 1.422014e-02 -6.410382e+00 1.422014e-02 -3.205191e+00 
1.423014e-02 9.922270e+00 1.423014e-02 -6.410365e+00 1.423014e-02 -3.205182e+00 
1.424014e-02 9.980828e+00 1.424014e-02 -6.410384e+00 1.424014e-02 -3.205192e+00 
1.425014e-02 9.999996e+00 1.425014e-02 -6.410364e+00 1.425014e-02 -3.205182e+00 
1.426014e-02 9.979699e+00 1.426014e-02 -6.410385e+00 1.426014e-02 -3.205193e+00 
1.427014e-02 9.920016e+00 1.427014e-02 -6.410362e+00 1.427014e-02 -3.205181e+00 
1.428014e-02 9.821184e+00 1.428014e-02 -6.410386e+00 1.428014e-02 -3.205193e+00 
1.429014e-02 9.683592e+00 1.429014e-02 -6.410360e+00 1.429014e-02 -3.205180e+00 
1.430014e-02 9.507783e+00 1.430014e-02 -6.410386e+00 1.430014e-02 -3.205193e+00 
1.431014e-02 9.294451e+00 1.431014e-02 -6.410358e+00 1.431014e-02 -3.205179e+00 
1.432014e-02 9.044439e+00 1.432014e-02 -6.410386e+00 1.432014e-02 -3.205193e+00 
1.433014e-02 8.758732e+00 1.433014e-02 -6.410355e+00 1.433014e-02 -3.205177e+00 
1.434014e-02 8.438458e+00 1.434014e-02 -6.410385e+00 1.434014e-02 -3.205192e+00 
1.435014e-02 8.084882e+00 1.435014e-02 -6.410351e+00 1.435014e-02 -3.205175e+00 
1.436014e-02 7.699398e+00 1.436014e-02 -6.410384e+00 1.436014e-02 -3.205192e+00 
1.437014e-02 7.283529e+00 1.437014e-02 -6.410347e+00 1.437014e-02 -3.205174e+00 
1.438014e-02 6.838914e+00 1.438014e-02 -6.410382e+00 1.438014e-02 -3.205191e+00 
1.439014e-02 6.367310e+00 1.439014e-02 -6.410343e+00 1.439014e-02 -3.205171e+00 
1.440014e-02 5.870576e+00 1.440014e-02 -6.410379e+00 1.440014e-02 -3.205190e+00 
1.441014e-02 5.350674e+00 1.441014e-02 -6.410339e+00 1.441014e-02 -3.205169e+00 
1.442014e-02 4.809656e+00 1.442014e-02 -6.410377e+00 1.442014e-02 -3.205188e+00 
1.443014e-02 4.249656e+00 1.443014e-02 -6.410334e+00 1.443014e-02 -3.205167e+00 
1.444014e-02 3.672884e+00 1.444014e-02 -6.410373e+00 1.444014e-02 -3.205187e+00 
1.445014e-02 3.081618e+00 1.445014e-02 -6.410329e+00 1.445014e-02 -3.205164e+00 
1.446014e-02 2.478189e+00 1.446014e-02 -6.410370e+00 1.446014e-02 -3.205185e+00 
1.447014e-02 1.864981e+00 1.447014e-02 -6.410323e+00 1.447014e-02 -3.205162e+00 
1.448014e-02 1.244412e+00 1.448014e-02 -6.410366e+00 1.448014e-02 -3.205183e+00 
1.449014e-02 6.189317e-01 1.449014e-02 -6.410318e+00 1.449014e-02 -3.205159e+00 
1.450014e-02 -8.990992e-03 1.450014e-02 -6.410363e+00 1.450014e-02 -3.205181e+00 
1.451014e-02 -6.368782e-01 1.451014e-02 -6.410313e+00 1.451014e-02 -3.205156e+00 
1.452014e-02 -1.262252e+00 1.452014e-02 -6.410359e+00 1.452014e-02 -3.205179e+00 
1.453014e-02 -1.882644e+00 1.453014e-02 -6.410307e+00 1.453014e-02 -3.205153e+00 
1.454014e-02 -2.495606e+00 1.454014e-02 -6.410355e+00 1.454014e-02 -3.205177e+00 
1.455014e-02 -3.098720e+00 1.455014e-02 -6.410267e+00 1.455014e-02 -3.205166e+00 
1.455297e-02 -3.267083e+00 1.455297e-02 -6.409828e+00 1.455297e-02 -3.205573e+00 
1.455433e-02 -3.347886e+00 1.455433e-02 -6.407960e+00 1.455433e-02 -3.204756e+00 
1.455513e-02 -3.395234e+00 1.455513e-02 -6.399304e+00 1.455513e-02 -3.200435e+00 
1.455556e-02 -3.420621e+00 1.455556e-02 -6.393866e+00 1.455556e-02 -3.197717e+00 
1.455597e-02 -3.444656e+00 1.455597e-02 -6.388864e+00 1.455597e-02 -3.195217e+00 
1.455639e-02 -3.469543e+00 1.455639e-02 -6.383423e+00 1.455639e-02 -3.192496e+00 
1.455681e-02 -3.493952e+00 1.455681e-02 -6.378248e+00 1.455681e-02 -3.189909e+00 
1.455748e-02 -3.533317e+00 1.455748e-02 -6.369535e+00 1.455748e-02 -3.185552e+00 
1.455844e-02 -3.590180e+00 1.455844e-02 -6.356956e+00 1.455844e-02 -3.179262e+00 
1.456031e-02 -3.699311e+00 1.456031e-02 -6.331590e+00 1.456031e-02 -3.166580e+00 
1.456404e-02 -3.916034e+00 1.456404e-02 -6.276367e+00 1.456404e-02 -3.138968e+00 
1.457150e-02 -4.342908e+00 1.457150e-02 -6.047710e+00 1.457150e-02 -3.024640e+00 
1.457561e-02 -4.573746e+00 1.457561e-02 -4.312946e+00 1.457561e-02 -2.157262e+00 
1.457770e-02 -4.690608e+00 1.457770e-02 -3.307859e+00 1.457770e-02 -1.654720e+00 
1.457971e-02 -4.801712e+00 1.457971e-02 -2.380630e+00 1.457971e-02 -1.191108e+00 
1.458190e-02 -4.921784e+00 1.458190e-02 -1.332306e+00 1.458190e-02 -6.669477e-01 
1.458583e-02 -5.135386e+00 1.458583e-02 5.124918e-01 1.458583e-02 2.554475e-01 
1.459094e-02 -5.408010e+00 1.459094e-02 2.955420e+00 1.459094e-02 1.476907e+00 
1.459522e-02 -5.632313e+00 1.459522e-02 4.985329e+00 1.459522e-02 2.491857e+00 
1.459693e-02 -5.720897e+00 1.459693e-02 5.803945e+00 1.459693e-02 2.901164e+00 
1.459851e-02 -5.801673e+00 1.459851e-02 6.107638e+00 1.459851e-02 3.053009e+00 
1.459950e-02 -5.852337e+00 1.459950e-02 6.153674e+00 1.459950e-02 3.076028e+00 
1.460060e-02 -5.908210e+00 1.460060e-02 6.186614e+00 1.460060e-02 3.092497e+00 
1.460199e-02 -5.978431e+00 1.460199e-02 6.220563e+00 1.460199e-02 3.109472e+00 
1.460335e-02 -6.046622e+00 1.460335e-02 6.247334e+00 1.460335e-02 3.122857e+00 
1.460552e-02 -6.154696e+00 1.460552e-02 6.284917e+00 1.460552e-02 3.141649e+00 
1.460874e-02 -6.313062e+00 1.460874e-02 6.333763e+00 1.460874e-02 3.166071e+00 
1.461388e-02 -6.560224e+00 1.461388e-02 6.403005e+00 1.461388e-02 3.200692e+00 
1.461644e-02 -6.680687e+00 1.461644e-02 6.410084e+00 1.461644e-02 3.204232e+00 
1.461946e-02 -6.820525e+00 1.461946e-02 6.410186e+00 1.461946e-02 3.204283e+00 
1.462292e-02 -6.977965e+00 1.462292e-02 6.410334e+00 1.462292e-02 3.204357e+00 
1.462659e-02 -7.141234e+00 1.462659e-02 6.410324e+00 1.462659e-02 3.204352e+00 
1.463309e-02 -7.421006e+00 1.463309e-02 6.410367e+00 1.463309e-02 3.204373e+00 
1.464236e-02 -7.798922e+00 1.464236e-02 6.410329e+00 1.464236e-02 3.204354e+00 
1.465236e-02 -8.176547e+00 1.465236e-02 6.410364e+00 1.465236e-02 3.204372e+00 
1.466236e-02 -8.521903e+00 1.466236e-02 6.410330e+00 1.466236e-02 3.204355e+00 
1.467236e-02 -8.833627e+00 1.467236e-02 6.410362e+00 1.467236e-02 3.204371e+00 
1.468236e-02 -9.110489e+00 1.468236e-02 6.410331e+00 1.468236e-02 3.204355e+00 
1.469236e-02 -9.351396e+00 1.469236e-02 6.410361e+00 1.469236e-02 3.204370e+00 
1.470236e-02 -9.555397e+00 1.470236e-02 6.410332e+00 1.470236e-02 3.204356e+00 
1.471236e-02 -9.721687e+00 1.471236e-02 6.410360e+00 1.471236e-02 3.204370e+00 
1.472236e-02 -9.849610e+00 1.472236e-02 6.410333e+00 1.472236e-02 3.204356e+00 
1.473236e-02 -9.938662e+00 1.473236e-02 6.410359e+00 1.473236e-02 3.204369e+00 
1.474236e-02 -9.988490e+00 1.474236e-02 6.410334e+00 1.474236e-02 3.204357e+00 
1.475236e-02 -9.998898e+00 1.475236e-02 6.410358e+00 1.475236e-02 3.204369e+00 
1.476236e-02 -9.969845e+00 1.476236e-02 6.410335e+00 1.476236e-02 3.204357e+00 
1.477236e-02 -9.901445e+00 1.477236e-02 6.410357e+00 1.477236e-02 3.204368e+00 
1.478236e-02 -9.793969e+00 1.478236e-02 6.410336e+00 1.478236e-02 3.204358e+00 
1.479236e-02 -9.647841e+00 1.479236e-02 6.410356e+00 1.479236e-02 3.204368e+00 
1.480236e-02 -9.463637e+00 1.480236e-02 6.410337e+00 1.480236e-02 3.204358e+00 
1.481236e-02 -9.242084e+00 1.481236e-02 6.410356e+00 1.481236e-02 3.204368e+00 
1.482236e-02 -8.984057e+00 1.482236e-02 6.410338e+00 1.482236e-02 3.204359e+00 
1.483236e-02 -8.690575e+00 1.483236e-02 6.410355e+00 1.483236e-02 3.204367e+00 
1.484236e-02 -8.362794e+00 1.484236e-02 6.410339e+00 1.484236e-02 3.204359e+00 
1.485236e-02 -8.002009e+00 1.485236e-02 6.410354e+00 1.485236e-02 3.204367e+00 
1.486236e-02 -7.609644e+00 1.486236e-02 6.410339e+00 1.486236e-02 3.204359e+00 
1.487236e-02 -7.187248e+00 1.487236e-02 6.410353e+00 1.487236e-02 3.204366e+00 
1.488236e-02 -6.736486e+00 1.488236e-02 6.410340e+00 1.488236e-02 3.204360e+00 
1.489236e-02 -6.259139e+00 1.489236e-02 6.410352e+00 1.489236e-02 3.204366e+00 
1.490236e-02 -5.757089e+00 1.490236e-02 6.410341e+00 1.490236e-02 3.204360e+00 
1.491236e-02 -5.232319e+00 1.491236e-02 6.410352e+00 1.491236e-02 3.204366e+00 
1.492236e-02 -4.686900e+00 1.492236e-02 6.410341e+00 1.492236e-02 3.204360e+00 
1.493236e-02 -4.122983e+00 1.493236e-02 6.410351e+00 1.493236e-02 3.204365e+00 
1.494236e-02 -3.542795e+00 1.494236e-02 6.410342e+00 1.494236e-02 3.204361e+00 
1.495236e-02 -2.948625e+00 1.495236e-02 6.410350e+00 1.495236e-02 3.204365e+00 
1.496236e-02 -2.342819e+00 1.496236e-02 6.410343e+00 1.496236e-02 3.204361e+00 
1.497236e-02 -1.727766e+00 1.497236e-02 6.410350e+00 1.497236e-02 3.204365e+00 
1.498236e-02 -1.105894e+00 1.498236e-02 6.410343e+00 1.498236e-02 3.204361e+00 
1.499236e-02 -4.796584e-01 1.499236e-02 6.410349e+00 1.499236e-02 3.204364e+00 
1.500000e-02 -1.077937e-13 1.500000e-02 6.410344e+00 1.500000e-02 3.204362e+00 
